
1.5628 0.99984 -12 18
1.5548 0.99973 -4 5
1.54679 0.9997 0 1
1.53879 0.99973 1 2
1.53079 0.99982 3 4
1.52279 0.99997 7 12
1.52177 1.0 6 7
1.51377 0.99983 -12 19
1.50577 0.99972 -3 6
1.49777 0.99968 -2 1
1.48976 0.9997 1 1
1.48176 0.99979 3 4
1.47376 0.99994 6 10
1.47309 0.99995 1 1
1.46509 0.99976 -9 12
1.45709 0.99964 -3 5
1.44909 0.99957 -2 2
1.44108 0.99957 0 0
1.43308 0.99964 1 3
1.42511 0.99977 4 5
1.41711 0.99953 -7 10
1.4091 0.99935 -3 5
1.4011 0.99924 -1 3
1.39309 0.99919 0 2
1.38509 0.99921 1 0
1.37813 0.99928 1 2
1.37013 0.99895 -5 8
1.36212 0.99868 -4 6
1.35411 0.99848 -2 3
1.3461 0.99834 -1 3
1.33809 0.99827 -1 1
1.33244 0.99826 0 0
1.32443 0.99778 -6 8
1.31642 0.99737 -5 6
1.30841 0.99703 -4 5
1.30039 0.99675 -3 3
1.29237 0.99653 -1 3
1.28828 0.99644 0 1
1.28027 0.99576 -6 8
1.27226 0.99513 -4 7
1.26424 0.99458 -4 5
1.25621 0.99408 -4 5
1.24817 0.99365 -2 4
1.24585 0.99354 0 1
1.23785 0.99255 -6 9
1.22984 0.99163 -4 7
1.22182 0.99078 -4 7
1.21378 0.98998 -3 6
1.20573 0.98926 -4 5
1.20531 0.98922 -1 0
1.19734 0.98784 -6 9
1.18934 0.98652 -6 9
1.18133 0.98526 -6 7
1.17329 0.98407 -4 7
1.16676 0.98315 -4 6
1.15885 0.98126 -6 10
1.15091 0.97943 -7 9
1.14293 0.97766 -5 9
1.13493 0.97595 -5 8
1.13029 0.975 -2 5
1.12249 0.97248 -8 11
1.11466 0.97002 -8 10
1.10678 0.96762 -6 10
1.09886 0.96529 -7 9
1.09593 0.96444 -3 4
1.08834 0.96119 -9 12
1.08069 0.958 -7 12
1.073 0.95486 -8 11
1.06525 0.95179 -6 10
1.06369 0.95117 -1 2
1.05642 0.94712 -9 13
1.04909 0.94312 -8 13
1.04169 0.93918 -7 11
1.03424 0.93528 -8 12
1.03355 0.93492 0 1
1.02674 0.93005 -10 14
1.01986 0.92523 -8 13
1.01291 0.92045 -9 12
1.00588 0.91571 -9 13
1.00547 0.91544 0 0
0.99925 0.90981 -10 14
0.99295 0.90421 -10 14
0.98657 0.89864 -8 13
0.98011 0.89312 -9 13
0.97941 0.89253 0 1
0.97386 0.88623 -9 14
0.96823 0.87997 -10 14
0.96252 0.87373 -9 13
0.95673 0.86752 -8 13
0.95532 0.86603 -3 3
0.95047 0.85921 -10 13
0.94554 0.85241 -8 14
0.94053 0.84563 -8 13
0.93545 0.83887 -9 13
0.93311 0.83582 -3 5
0.92894 0.82861 -8 14
0.9247 0.82141 -8 13
0.92039 0.81423 -9 12
0.916 0.80707 -9 13
0.91273 0.80184 -5 9
0.90919 0.79435 -8 12
0.90558 0.78688 -9 13
0.90191 0.77941 -9 12
0.89816 0.77196 -9 12
0.89434 0.76452 -7 12
0.8941 0.76406 0 1
0.89112 0.75639 -9 12
0.88807 0.74873 -7 11
0.88497 0.74107 -8 12
0.8818 0.73342 -7 12
0.87856 0.72577 -7 11
0.87716 0.72253 -4 5
0.87466 0.71473 -8 11
0.8721 0.70694 -7 12
0.86949 0.69915 -8 11
0.86682 0.69137 -7 11
0.86409 0.6836 -8 11
0.86183 0.67731 -5 8
0.85975 0.66943 -8 11
0.85761 0.66156 -8 11
0.85542 0.65369 -8 11
0.85318 0.64582 -8 10
0.85089 0.63796 -6 11
0.84854 0.6301 -6 10
0.84806 0.62853 -1 2
0.84633 0.6206 -6 10
0.84455 0.61268 -7 11
0.84273 0.60476 -6 10
0.84086 0.59684 -6 10
0.83894 0.58892 -6 10
0.83696 0.581 -7 10
0.83578 0.57636 -3 6
0.83435 0.5684 -6 10
0.83289 0.56044 -7 9
0.83138 0.55249 -6 10
0.82982 0.54453 -7 10
0.82822 0.53658 -6 9
0.82657 0.52863 -7 10
0.82494 0.52101 -7 9
0.82378 0.51303 -7 10
0.82258 0.50505 -6 9
0.82133 0.49708 -7 9
0.82005 0.4891 -7 10
0.81873 0.48113 -7 9
0.81736 0.47315 -7 9
0.81594 0.46518 -6 9
0.8155 0.46272 -2 3
0.81456 0.45473 -6 9
0.81359 0.44674 -7 10
0.81258 0.43875 -7 9
0.81154 0.43077 -7 9
0.81045 0.42278 -5 9
0.80933 0.41479 -5 9
0.80816 0.40681 -5 9
0.8074 0.40178 -4 5
0.80666 0.39379 -5 9
0.80589 0.38579 -5 9
0.80509 0.3778 -5 9
0.80426 0.36981 -5 8
0.80339 0.36181 -5 9
0.80247 0.35382 -5 9
0.80152 0.34583 -6 9
0.80061 0.33852 -5 8
0.80005 0.33052 -6 8
0.79946 0.32252 -5 9
0.79885 0.31452 -5 8
0.7982 0.30653 -5 9
0.79752 0.29853 -6 9
0.7968 0.29053 -5 8
0.79604 0.28253 -5 9
0.79523 0.27454 -6 8
0.7951 0.27326 0 1
0.7947 0.26526 -5 9
0.79428 0.25726 -6 8
0.79383 0.24926 -5 9
0.79336 0.24126 -5 8
0.79284 0.23327 -6 8
0.7923 0.22527 -5 9
0.79171 0.21727 -6 8
0.79108 0.20927 -5 9
0.79084 0.20639 -1 3
0.79059 0.19839 -5 8
0.79032 0.19039 -6 8
0.79003 0.18239 -5 8
0.78971 0.17439 -6 9
0.78936 0.16639 -5 8
0.78898 0.15839 -6 8
0.78855 0.15039 -5 9
0.78808 0.14239 -6 8
0.78781 0.13828 -2 4
0.7877 0.13028 -6 8
0.78757 0.12228 -5 8
0.78743 0.11428 -6 9
0.78726 0.10628 -5 8
0.78707 0.09828 -6 8
0.78684 0.09028 -5 8
0.78657 0.08228 -6 8
0.78624 0.07428 -5 9
0.786 0.06935 -4 5
0.786 0.06135 -6 8
0.786 0.05335 -5 8
0.786 0.04535 -6 8
0.786 0.03735 -5 8
0.786 0.02935 -6 8
0.786 0.02135 -5 9
0.786 0.01335 -6 8
0.786 0.00535 -5 8
0.7854 0.0 -4 5
-2.35559 0.008 5 8
-2.35559 0.016 6 9
-2.35559 0.024 5 8
-2.35559 0.032 6 8
-2.35559 0.04 5 8
-2.35559 0.048 5 8
-2.35559 0.056 6 8
-2.35559 0.064 5 9
-2.35559 0.06935 4 5
-2.35522 0.07735 5 8
-2.35491 0.08535 6 8
-2.35466 0.09335 5 9
-2.35444 0.10135 6 8
-2.35426 0.10935 5 8
-2.35411 0.11735 6 8
-2.35397 0.12535 5 8
-2.35385 0.13335 6 9
-2.35378 0.13828 3 5
-2.35328 0.14628 6 8
-2.35283 0.15428 5 8
-2.35242 0.16228 6 8
-2.35206 0.17028 5 9
-2.35172 0.17828 6 8
-2.35142 0.18628 5 8
-2.35114 0.19428 6 8
-2.35088 0.20228 5 9
-2.35075 0.20639 3 4
-2.3501 0.21439 6 8
-2.3495 0.22239 5 9
-2.34894 0.23039 6 8
-2.34842 0.23838 5 8
-2.34793 0.24638 6 9
-2.34747 0.25438 5 8
-2.34704 0.26238 6 9
-2.34663 0.27038 6 8
-2.34649 0.27326 2 3
-2.34568 0.28126 5 9
-2.34491 0.28926 6 8
-2.34419 0.29725 6 9
-2.3435 0.30525 5 8
-2.34284 0.31325 6 9
-2.34222 0.32124 6 8
-2.34163 0.32924 6 9
-2.34107 0.33724 5 9
-2.34098 0.33852 1 1
-2.33999 0.34651 6 9
-2.33904 0.3545 6 8
-2.33813 0.3625 6 9
-2.33726 0.37049 6 9
-2.33643 0.37848 5 9
-2.33563 0.38648 6 8
-2.33487 0.39447 6 9
-2.33419 0.40178 6 8
-2.333 0.40977 6 9
-2.33184 0.41775 5 9
-2.33073 0.42574 6 9
-2.32966 0.43373 6 9
-2.32863 0.44171 7 9
-2.32764 0.4497 6 9
-2.32668 0.45769 6 10
-2.3261 0.46272 4 5
-2.32466 0.47069 6 9
-2.32328 0.47866 6 10
-2.32194 0.48664 6 9
-2.32065 0.49461 6 9
-2.3194 0.50259 6 10
-2.31818 0.51056 7 9
-2.31701 0.51854 6 10
-2.31665 0.52101 2 3
-2.31495 0.52896 6 9
-2.31331 0.53691 7 10
-2.31171 0.54486 6 9
-2.31015 0.55281 7 10
-2.30865 0.56077 6 10
-2.30718 0.56873 7 10
-2.30581 0.57636 6 9
-2.30381 0.58427 7 10
-2.30185 0.59219 6 10
-2.29995 0.60011 7 10
-2.2981 0.60803 7 10
-2.2963 0.61596 6 10
-2.29454 0.62388 7 11
-2.29353 0.62853 4 6
-2.29117 0.63639 7 10
-2.28886 0.64425 7 10
-2.28661 0.65212 7 11
-2.28441 0.65999 7 11
-2.28227 0.66786 7 10
-2.28017 0.67573 8 11
-2.27976 0.67731 1 2
-2.27698 0.68508 7 11
-2.27426 0.69286 8 11
-2.2716 0.70064 7 11
-2.269 0.70843 7 11
-2.26645 0.71622 8 12
-2.26443 0.72253 6 9
-2.26117 0.73017 8 11
-2.25797 0.73782 7 12
-2.25483 0.74547 8 11
-2.25176 0.75313 8 12
-2.24875 0.7608 8 12
-2.24749 0.76406 3 5
-2.24366 0.7715 8 12
-2.23991 0.77896 8 12
-2.23623 0.78642 8 12
-2.23262 0.79389 9 13
-2.22908 0.80138 8 12
-2.22886 0.80184 1 1
-2.22441 0.80899 8 12
-2.22004 0.81616 8 13
-2.21575 0.82334 9 13
-2.21152 0.83054 8 13
-2.20848 0.83582 7 9
-2.20336 0.84256 8 13
-2.19831 0.84933 9 13
-2.19335 0.85612 9 13
-2.18847 0.86293 9 14
-2.18628 0.86603 4 6
-2.18046 0.87223 8 13
-2.17473 0.87846 9 13
-2.16908 0.88472 9 13
-2.16351 0.89101 10 14
-2.16218 0.89253 2 4
-2.15571 0.89805 8 12
-2.14933 0.90361 9 13
-2.14302 0.9092 9 14
-2.13679 0.91483 9 14
-2.13612 0.91544 1 1
-2.12909 0.92017 8 13
-2.12214 0.92495 9 12
-2.11525 0.92977 8 13
-2.10844 0.93464 10 14
-2.10805 0.93492 0 1
-2.10059 0.93881 8 11
-2.09319 0.94276 8 12
-2.08585 0.94675 8 12
-2.07858 0.9508 9 13
-2.07791 0.95117 0 2
-2.07015 0.95424 7 10
-2.06245 0.95736 7 11
-2.05479 0.96055 8 11
-2.04719 0.96378 8 12
-2.04566 0.96444 2 3
-2.03773 0.96676 6 9
-2.02984 0.96913 6 10
-2.02199 0.97157 7 10
-2.01417 0.97406 7 11
-2.0113 0.975 3 4
-2.00328 0.97667 6 8
-1.99529 0.9784 5 8
-1.98733 0.98019 6 9
-1.9794 0.98205 7 10
-1.97483 0.98315 4 6
-1.96678 0.98429 4 7
-1.95875 0.98549 5 7
-1.95074 0.98676 5 7
-1.94275 0.98809 6 9
-1.93629 0.98922 5 8
-1.92824 0.98994 3 5
-1.9202 0.99073 4 6
-1.91217 0.99159 4 6
-1.90416 0.9925 5 7
-1.89616 0.99349 6 9
-1.89574 0.99354 0 0
-1.8877 0.99395 3 4
-1.87967 0.99443 3 5
-1.87165 0.99497 3 5
-1.86363 0.99557 5 6
-1.85563 0.99624 5 8
-1.85332 0.99644 1 2
-1.84529 0.99663 2 3
-1.83727 0.99688 2 3
-1.82925 0.99719 3 4
-1.82124 0.99757 3 5
-1.81323 0.99801 5 7
-1.80916 0.99826 2 4
-1.80114 0.99828 1 1
-1.79313 0.99838 1 1
-1.78512 0.99853 2 3
-1.77711 0.99875 3 4
-1.76911 0.99904 4 7
-1.76347 0.99928 4 6
-1.75546 0.9992 -1 2
-1.74745 0.9992 0 0
-1.73945 0.99925 1 1
-1.73144 0.99937 2 3
-1.72344 0.99956 4 6
-1.71649 0.99977 6 9
-1.70849 0.99964 -3 5
-1.70048 0.99957 -2 3
-1.69248 0.99957 0 0
-1.68448 0.99964 1 2
-1.67648 0.99976 4 5
-1.6685 0.99995 8 12
-1.6605 0.9998 -6 11
-1.6525 0.99971 -2 4
-1.6445 0.99968 0 1
-1.6365 0.99972 1 2
-1.62849 0.99982 4 4
-1.6205 0.99998 8 13
-1.61982 1.0 5 7
-1.61183 0.99983 -12 18
-1.60382 0.99973 -4 5
-1.59582 0.9997 0 2
-1.58782 0.99973 1 1
-1.57982 0.99982 3 4
-1.57182 0.99998 8 13
-1.5708 1.0 5 7
-1.5628 0.99984 -12 18
-1.5548 0.99973 -4 5
-1.54679 0.9997 0 2
-1.53879 0.99973 1 1
-1.53079 0.99982 3 4
-1.52279 0.99997 7 12
-1.52177 1.0 6 8
-1.51377 0.99983 -12 18
-1.50577 0.99972 -3 6
-1.49777 0.99968 -2 1
-1.48976 0.9997 1 1
-1.48176 0.99979 3 4
-1.47376 0.99994 6 10
-1.47309 0.99995 1 1
-1.46509 0.99976 -9 12
-1.45709 0.99964 -3 5
-1.44909 0.99957 -2 3
-1.44108 0.99957 0 0
-1.43308 0.99964 1 2
-1.42511 0.99977 4 6
-1.41711 0.99953 -7 9
-1.4091 0.99935 -3 5
-1.4011 0.99924 -1 3
-1.39309 0.99919 0 2
-1.38509 0.99921 1 0
-1.37813 0.99928 1 2
-1.37013 0.99895 -5 8
-1.36212 0.99868 -4 6
-1.35411 0.99848 -2 4
-1.3461 0.99834 -1 2
-1.33809 0.99827 -1 1
-1.33244 0.99826 0 1
-1.32443 0.99778 -6 7
-1.31642 0.99737 -5 6
-1.30841 0.99703 -4 5
-1.30039 0.99675 -3 4
-1.29237 0.99653 -1 2
-1.28828 0.99644 0 1
-1.28027 0.99576 -6 8
-1.27226 0.99513 -4 7
-1.26424 0.99458 -4 6
-1.25621 0.99408 -4 4
-1.24817 0.99365 -2 4
-1.24585 0.99354 0 1
-1.23785 0.99255 -6 9
-1.22984 0.99163 -4 7
-1.22182 0.99078 -4 7
-1.21378 0.98998 -3 6
-1.20573 0.98926 -4 5
-1.20531 0.98922 -1 0
-1.19734 0.98784 -6 9
-1.18934 0.98652 -6 9
-1.18133 0.98526 -6 8
-1.17329 0.98407 -4 6
-1.16676 0.98315 -4 6
-1.15885 0.98126 -6 10
-1.15091 0.97943 -7 9
-1.14293 0.97766 -5 9
-1.13493 0.97595 -5 8
-1.13029 0.975 -2 5
-1.12249 0.97248 -8 11
-1.11466 0.97002 -8 10
-1.10678 0.96762 -6 10
-1.09886 0.96529 -7 10
-1.09593 0.96444 -3 3
-1.08834 0.96119 -9 12
-1.08069 0.958 -7 12
-1.073 0.95486 -8 11
-1.06525 0.95179 -6 10
-1.06369 0.95117 -1 2
-1.05642 0.94712 -9 13
-1.04909 0.94312 -8 13
-1.04169 0.93918 -7 11
-1.03424 0.93528 -8 12
-1.03355 0.93492 0 1
-1.02674 0.93005 -10 14
-1.01986 0.92523 -8 13
-1.01291 0.92045 -9 12
-1.00588 0.91571 -9 13
-1.00547 0.91544 0 0
-0.99925 0.90981 -10 14
-0.99295 0.90421 -10 14
-0.98657 0.89864 -8 13
-0.98011 0.89312 -9 13
-0.97941 0.89253 0 1
-0.97386 0.88623 -9 14
-0.96823 0.87997 -10 14
-0.96252 0.87373 -9 13
-0.95673 0.86752 -8 13
-0.95532 0.86603 -3 3
-0.95047 0.85921 -10 13
-0.94554 0.85241 -8 14
-0.94053 0.84563 -8 13
-0.93545 0.83887 -9 13
-0.93311 0.83582 -3 5
-0.92894 0.82861 -8 14
-0.9247 0.82141 -8 13
-0.92039 0.81423 -9 12
-0.916 0.80707 -9 13
-0.91273 0.80184 -5 9
-0.90919 0.79435 -8 12
-0.90558 0.78688 -9 13
-0.90191 0.77941 -9 12
-0.89816 0.77196 -9 12
-0.89434 0.76452 -7 12
-0.8941 0.76406 0 1
-0.89112 0.75639 -9 12
-0.88807 0.74873 -7 12
-0.88497 0.74107 -8 11
-0.8818 0.73342 -7 12
-0.87856 0.72577 -7 11
-0.87716 0.72253 -4 5
-0.87466 0.71473 -8 11
-0.8721 0.70694 -7 12
-0.86949 0.69915 -8 11
-0.86682 0.69137 -7 11
-0.86409 0.6836 -8 11
-0.86183 0.67731 -5 8
-0.85975 0.66943 -8 11
-0.85761 0.66156 -8 11
-0.85542 0.65369 -8 11
-0.85318 0.64582 -8 10
-0.85089 0.63796 -6 11
-0.84854 0.6301 -6 10
-0.84806 0.62853 -1 2
-0.84633 0.6206 -6 10
-0.84455 0.61268 -7 11
-0.84273 0.60476 -6 10
-0.84086 0.59684 -6 10
-0.83894 0.58892 -6 10
-0.83696 0.581 -7 10
-0.83578 0.57636 -3 6
-0.83435 0.5684 -6 10
-0.83289 0.56044 -7 9
-0.83138 0.55249 -6 10
-0.82982 0.54453 -7 10
-0.82822 0.53658 -6 10
-0.82657 0.52863 -7 9
-0.82494 0.52101 -7 9
-0.82378 0.51303 -7 10
-0.82258 0.50505 -6 9
-0.82133 0.49708 -7 10
-0.82005 0.4891 -7 9
-0.81873 0.48113 -7 9
-0.81736 0.47315 -7 9
-0.81594 0.46518 -6 10
-0.8155 0.46272 -2 2
-0.81456 0.45473 -6 10
-0.81359 0.44674 -7 9
-0.81258 0.43875 -7 9
-0.81154 0.43077 -7 9
-0.81045 0.42278 -5 9
-0.80933 0.41479 -5 9
-0.80816 0.40681 -5 9
-0.8074 0.40178 -4 5
-0.80666 0.39379 -5 9
-0.80589 0.38579 -5 9
-0.80509 0.3778 -5 9
-0.80426 0.36981 -5 9
-0.80339 0.36181 -5 8
-0.80247 0.35382 -5 9
-0.80152 0.34583 -6 9
-0.80061 0.33852 -5 8
-0.80005 0.33052 -6 8
-0.79946 0.32252 -5 9
-0.79885 0.31452 -5 9
-0.7982 0.30653 -5 8
-0.79752 0.29853 -6 9
-0.7968 0.29053 -5 8
-0.79604 0.28253 -5 9
-0.79523 0.27454 -6 8
-0.7951 0.27326 0 1
-0.7947 0.26526 -5 9
-0.79428 0.25726 -6 8
-0.79383 0.24926 -5 9
-0.79336 0.24126 -5 8
-0.79284 0.23327 -6 9
-0.7923 0.22527 -5 8
-0.79171 0.21727 -6 8
-0.79108 0.20927 -5 9
-0.79084 0.20639 -1 3
-0.79059 0.19839 -5 8
-0.79032 0.19039 -6 8
-0.79003 0.18239 -5 9
-0.78971 0.17439 -6 8
-0.78936 0.16639 -5 8
-0.78898 0.15839 -6 8
-0.78855 0.15039 -5 9
-0.78808 0.14239 -6 8
-0.78781 0.13828 -2 4
-0.7877 0.13028 -6 8
-0.78757 0.12228 -5 9
-0.78743 0.11428 -6 8
-0.78726 0.10628 -5 8
-0.78707 0.09828 -6 8
-0.78684 0.09028 -5 8
-0.78657 0.08228 -6 9
-0.78624 0.07428 -5 8
-0.786 0.06935 -4 5
-0.786 0.06135 -6 8
-0.786 0.05335 -5 8
-0.786 0.04535 -6 8
-0.786 0.03735 -5 8
-0.786 0.02935 -6 9
-0.786 0.02135 -5 8
-0.786 0.01335 -6 8
-0.786 0.00535 -5 8
-0.7854 0.0 -4 5
2.35559 0.008 5 9
2.35559 0.016 6 8
2.35559 0.024 5 8
2.35559 0.032 6 8
2.35559 0.04 5 8
2.35559 0.048 5 8
2.35559 0.056 6 8
2.35559 0.064 5 9
2.35559 0.06935 4 5
2.35522 0.07735 5 8
2.35491 0.08535 6 8
2.35466 0.09335 5 9
2.35444 0.10135 6 8
2.35426 0.10935 5 8
2.35411 0.11735 6 8
2.35397 0.12535 5 8
2.35385 0.13335 6 9
2.35378 0.13828 3 5
2.35328 0.14628 6 8
2.35283 0.15428 5 8
2.35242 0.16228 6 8
2.35206 0.17028 5 9
2.35172 0.17828 6 8
2.35142 0.18628 5 8
2.35114 0.19428 6 9
2.35088 0.20228 5 8
2.35075 0.20639 3 4
2.3501 0.21439 6 9
2.3495 0.22239 5 8
2.34894 0.23039 6 8
2.34842 0.23838 5 9
2.34793 0.24638 6 8
2.34747 0.25438 5 8
2.34704 0.26238 6 9
2.34663 0.27038 6 8
2.34649 0.27326 2 3
2.34568 0.28126 5 9
2.34491 0.28926 6 8
2.34419 0.29725 6 9
2.3435 0.30525 5 8
2.34284 0.31325 6 9
2.34222 0.32124 6 9
2.34163 0.32924 6 8
2.34107 0.33724 5 9
2.34098 0.33852 1 1
2.33999 0.34651 6 9
2.33904 0.3545 6 9
2.33813 0.3625 6 8
2.33726 0.37049 6 9
2.33643 0.37848 5 9
2.33563 0.38648 6 9
2.33487 0.39447 6 8
2.33419 0.40178 6 9
2.333 0.40977 6 8
2.33184 0.41775 5 9
2.33073 0.42574 6 9
2.32966 0.43373 6 9
2.32863 0.44171 7 9
2.32764 0.4497 6 10
2.32668 0.45769 6 9
2.3261 0.46272 4 5
2.32466 0.47069 6 10
2.32328 0.47866 6 9
2.32194 0.48664 6 9
2.32065 0.49461 6 9
2.3194 0.50259 6 10
2.31818 0.51056 7 9
2.31701 0.51854 6 10
2.31665 0.52101 2 3
2.31495 0.52896 6 9
2.31331 0.53691 7 10
2.31171 0.54486 6 9
2.31015 0.55281 7 10
2.30865 0.56077 6 10
2.30718 0.56873 7 10
2.30581 0.57636 6 9
2.30381 0.58427 7 10
2.30185 0.59219 6 10
2.29995 0.60011 7 10
2.2981 0.60803 7 10
2.2963 0.61596 6 10
2.29454 0.62388 7 11
2.29353 0.62853 4 6
2.29117 0.63639 7 10
2.28886 0.64425 7 10
2.28661 0.65212 7 11
2.28441 0.65999 7 11
2.28227 0.66786 7 10
2.28017 0.67573 8 11
2.27976 0.67731 1 2
2.27698 0.68508 7 11
2.27426 0.69286 8 11
2.2716 0.70064 7 11
2.269 0.70843 7 11
2.26645 0.71622 8 12
2.26443 0.72253 6 9
2.26117 0.73017 8 11
2.25797 0.73782 7 12
2.25483 0.74547 8 11
2.25176 0.75313 8 12
2.24875 0.7608 8 12
2.24749 0.76406 3 5
2.24366 0.7715 8 12
2.23991 0.77896 8 12
2.23623 0.78642 8 12
2.23262 0.79389 9 13
2.22908 0.80138 8 12
2.22886 0.80184 1 1
2.22441 0.80899 8 12
2.22004 0.81616 8 13
2.21575 0.82334 9 13
2.21152 0.83054 8 13
2.20848 0.83582 7 9
2.20336 0.84256 8 13
2.19831 0.84933 9 13
2.19335 0.85612 9 13
2.18847 0.86293 9 14
2.18628 0.86603 4 6
2.18046 0.87223 8 13
2.17473 0.87846 9 13
2.16908 0.88472 9 14
2.16351 0.89101 10 13
2.16218 0.89253 2 4
2.15571 0.89805 8 12
2.14933 0.90361 9 14
2.14302 0.9092 9 13
2.13679 0.91483 9 14
2.13612 0.91544 1 2
2.12909 0.92017 8 12
2.12214 0.92495 9 12
2.11525 0.92977 8 13
2.10844 0.93464 10 14
2.10805 0.93492 0 1
2.10059 0.93881 8 11
2.09319 0.94276 8 12
2.08585 0.94675 8 13
2.07858 0.9508 9 13
2.07791 0.95117 0 1
2.07015 0.95424 7 10
2.06245 0.95736 7 11
2.05479 0.96055 8 11
2.04719 0.96378 8 12
2.04566 0.96444 2 3
2.03773 0.96676 6 9
2.02984 0.96913 6 10
2.02199 0.97157 7 10
2.01417 0.97406 7 11
2.0113 0.975 3 4
2.00328 0.97667 6 8
1.99529 0.9784 5 8
1.98733 0.98019 6 9
1.9794 0.98205 7 10
1.97483 0.98315 4 6
1.96678 0.98429 4 7
1.95875 0.98549 5 7
1.95074 0.98676 5 7
1.94275 0.98809 6 9
1.93629 0.98922 5 8
1.92824 0.98994 3 5
1.9202 0.99073 4 6
1.91217 0.99159 4 6
1.90416 0.9925 5 8
1.89616 0.99349 6 8
1.89574 0.99354 0 1
1.8877 0.99395 3 3
1.87967 0.99443 3 5
1.87165 0.99497 3 5
1.86363 0.99557 5 7
1.85563 0.99624 5 7
1.85332 0.99644 1 2
1.84529 0.99663 2 3
1.83727 0.99688 2 3
1.82925 0.99719 3 4
1.82124 0.99757 3 5
1.81323 0.99801 5 7
1.80916 0.99826 2 4
1.80114 0.99828 1 1
1.79313 0.99838 1 1
1.78512 0.99853 2 3
1.77711 0.99875 3 4
1.76911 0.99904 4 7
1.76347 0.99928 4 6
1.75546 0.9992 -1 2
1.74745 0.9992 0 0
1.73945 0.99925 1 1
1.73144 0.99937 2 3
1.72344 0.99956 4 6
1.71649 0.99977 6 9
1.70849 0.99964 -3 5
1.70048 0.99957 -2 3
1.69248 0.99957 0 0
1.68448 0.99964 1 2
1.67648 0.99976 4 5
1.6685 0.99995 8 12
1.6605 0.9998 -6 11
1.6525 0.99971 -2 4
1.6445 0.99968 0 1
1.6365 0.99972 1 2
1.62849 0.99982 4 4
1.6205 0.99998 8 13
1.61982 1.0 5 7
